1
2
3
5
8
13
21
34
55
89
144
233
377
610
987
1597
2584
4181
6765
10946
17711
28657
46368
75025
121393
196418
317811
514229
832040
1346269
2178309
3524578
5702887
9227465
14930352
24157817
39088169
63245986
102334155
165580141
267914296
433494437
701408733
1134903170
1836311903
-1323752223
512559680
-811192543
-298632863
-1109825406
-1408458269
1776683621
368225352
2144908973
-1781832971
363076002
-1418756969
-1055680967
1820529360
764848393
-1709589543
-944741150
1640636603
695895453
-1958435240
-1262539787
1073992269
-188547518
885444751
696897233
1582341984
-2015728079
-433386095
1845853122
1412467027
-1036647147
375819880
-660827267
-285007387
-945834654
-1230842041
2118290601
887448560
-1289228135
-401779575
-1691007710
-2092787285
511172301
-1581614984
-1070442683
1642909629
572466946
-2079590721
-1507123775
708252800
-798870975
-90618175
-889489150
-980107325
-1869596475
1445263496
-424332979
1020930517
596597538
1617528055
-2080841703
-463313648
1750811945
1287498297
-1256657054
30841243
-1225815811
-1194974568
1874176917
679202349
-1741588030
-1062385681
1490993585
428607904
1919601489
-1946757903
-27156414
-1973914317
-2001070731
319982248
-1681088483
-1361106235
1252772578
-108333657
1144438921
1036105264
-2114423111
-1078317847
1102226338
23908491
1126134829
1150043320
-2018789147
-868745827
1407432322
538686495
1946118817
-1810161984
135956833
-1674205151
-1538248318
1082513827
-455734491
626779336
171044845
797824181
968869026
1766693207
-1559405063
207288144
-1352116919
-1144828775
1798021602
653192827
-1843752867
-1190560040
1260654389
70094349
1330748738
1400843087
-1563375471
-162532384
-1725907855
-1888440239
680619202
-1207821037
-527201835
-1735022872
2032742589
297719717
-1964504990
-1666785273
663677033
-1003108240
-339431207
-1342539447
-1681970654
1270457195
-411513459
858943736
447430277
1306374013
1753804290
-1234788993
519015297
-715773696
-196758399
-912532095
-1109290494
-2021822589
1163854213
-857968376
305885837
-552082539
-246196702
-798279241
-1044475943
-1842755184
1407736169
-435019015
972717154
537698139
1510415293
2048113432
-736438571
1311674861
575236290
1886911151
-1832819855
54091296
-1778728559
-1724637263
791601474
-933035789
-141434315
-1074470104
-1215904419
2004592773
788688354
-1501686169
-712997815
2080283312
1367285497
-847398487
519887010
-327511477
192375533
-135135944
57239589
-77896355
-20656766
-98553121
-119209887
-217763008
-336972895
-554735903
-891708798
-1446444701
1956813797
510369096
-1827784403
-1317415307
1149767586
-167647721
982119865
814472144
1796592009
-1683903143
112688866
-1571214277
-1458525411
1265227608
-193297803
1071929805
878632002
1950561807
-1465773487
484788320
-980985167
-496196847
-1477182014
-1973378861
844406421
-1128972440
-284566019
-1413538459
-1698104478
1183324359
-514780119
668544240
153764121
822308361
976072482
1798380843
-1520513971
277866872
-1242647099
-964780227
2087539970
1122759743
-1084667583
38092160
-1046575423
-1008483263
-2055058686
1231425347
-823633339
407792008
-415841331
-8049323
-423890654
-431939977
-855830631
-1287770608
-2143601239
863595449
-1280005790
-416410341
-1696416131
-2112826472
485724693
-1627101779
-1141377086
1526488431
385111345
1911599776
-1998256175
-86656399
-2084912574
2123398323
38485749
-2133083224
-2094597475
67286597
-2027310878
-1960024281
307632137
-1652392144
-1344760007
1297815145
-46944862
1250870283
1203925421
-1840171592
-636246171
1818549533
1182303362
-1294114401
-111811039
-1405925440
-1517736479
1371305377
-146431102
1224874275
1078443173
-1991649848
-913206675
1390110773
476904098
1867014871
-1951048327
-84033456
-2035081783
-2119115239
140770274
-1978344965
-1837574691
479047640
-1358527051
-879479411
2056960834
1177481423
-1060525039
116956384
-943568655
-826612271
-1770180926
1698174099
-72006827
1626167272
1554160445
-1114639579
439520866
-675118713
-235597847
-910716560
-1146314407
-2057030967
1091621922
-965409045
126212877
-839196168
-712983291
-1552179459
2029804546
477625087
-1787537663
-1309912576
1197517057
-112395519
1085121538
972726019
2057847557
-1264393720
793453837
-470939883
322513954
-148425929
174088025
25662096
199750121
225412217
425162338
650574555
1075736893
1726311448
-1492918955
233392493
-1259526462
-1026133969
2009306865
983172896
-1302487535
-319314639
-1621802174
-1941116813
732048309
-1209068504
-477020195
-1686088699
2131858402
445769703
-1717339191
-1271569488
1306058617
34489129
1340547746
1375036875
-1579382675
-204345800
-1783728475
-1988074275
523164546
-1464909729
-941745183
1888312384
946567201
-1460087711
-513520510
-1973608221
1807838565
-165769656
1642068909
1476299253
-1176599134
299700119
-876899015
-577198896
-1454097911
-2031296807
809572578
-1221724229
-412151651
-1633875880
-2046027531
615063885
-1430963646
-815899761
2048103889
1232204128
-1014659279
217544849
-797114430
-579569581
-1376684011
-1956253592
962029693
-994223899
-32194206
-1026418105
-1058612311
-2085030416
1151324569
-933705847
217618722
-716087125
-498468403
-1214555528
-1713023931
1367387837
-345636094
1021751743
676115649
1697867392
-1920984255
-223116863
-2144101118
1927749315
-216351803
1711397512
1495045709
-1088524075
406521634
-682002441
-275480807
-957483248
-1232964055
2104519993
871555938
-1318891365
-447335427
-1766226792
2081405077
315178285
-1898383934
-1583205649
813377713
-769827936
43549777
-726278159
-682728382
-1409006541
-2091734923
794225832
-1297509091
-503283259
-1800792350
1990891687
190099337
-2113976272
-1923876935
257114089
-1666762846
-1409648757
1218555693
-191093064
1027462629
836369565
1863832194
-1594765537
269066657
-1325698880
-1056632223
1912636193
856003970
-1526327133
-670323163
2098317000
1427993837
-768656459
659337378
-109319081
550018297
440699216
990717513
1431416729
-1872833054
-441416325
1980717917
1539301592
-774947787
764353805
-10593982
753759823
743165841
1496925664
-2054875791
-557950127
1682141378
1124191251
-1488634667
-364443416
-1853078083
2077445797
224367714
-1993153785
-1768786071
533027440
-1235758631
-702731191
-1938489822
1653746283
-284743539
1369002744
1084259205
-1841705347
-757446142
1695815807
938369665
-1660781824
-722412159
1911773313
1189361154
-1193832829
-4471675
-1198304504
-1202776179
1893886613
691110434
-1709970249
-1018859815
1566137232
547277417
2113414649
-1634275230
479139419
-1155135811
-675996392
-1831132203
1787838701
-43293502
1744545199
1701251697
-849170400
852081297
2910897
854992194
857903091
1712895285
-1724168920
-11273635
-1735442555
-1746716190
812808551
-933907639
-121099088
-1055006727
-1176105815
2063854754
887748939
-1343363603
-455614664
-1798978267
2040374365
241396098
-2013196833
-1771800735
509969728
-1261831007
-751861279
-2013692286
1529413731
-484278555
1045135176
560856621
1605991797
-2128118878
-522127081
1644721337
1122594256
-1527651703
-405057447
-1932709150
1957200699
24491549
1981692248
2006183797
-307091251
1699092546
1392001295
-1203873455
188127840
-1015745615
-827617775
-1843363390
1623986131
-219377259
1404608872
1185231613
-1705126811
-519895198
2069945287
1550050089
-674971920
875078169
200106249
1075184418
1275290667
-1944492211
-669201544
1681273541
1012071997
-1601621758
-589549761
2103795777
1514246016
-676925503
837320513
160395010
997715523
1158110533
-2139141240
-981030707
1174795349
193764642
1368559991
1562324633
-1364082672
198241961
-1165840711
-967598750
-2133439461
1193929085
-939510376
254418709
-685091667
-430672958
-1115764625
-1546437583
1632765088
86327505
1719092593
1805420098
-770454605
1034965493
264510888
1299476381
1563987269
-1431503646
132483623
-1299020023
-1166536400
1829410873
662874473
-1802681950
-1139807477
1352477869
212670392
1565148261
1777818653
-952000382
825818271
-126182111
699636160
573454049
1273090209
1846544258
-1175332829
671211429
-504121400
167090029
-337031371
-169941342
-506972713
-676914055
-1183886768
-1860800823
1250279705
-610521118
639758587
29237469
668996056
698233525
1367229581
2065463106
-862274609
1203188497
340913888
1544102385
1885016273
-865848638
1019167635
153318997
1172486632
1325805629
-1796675035
-470869406
2027422855
1556553449
-710990992
845562457
134571465
980133922
1114705387
2094839309
-1085422600
1009416709
-76005891
933410818
857404927
1790815745
-1646746624
144069121
-1502677503
-1358608382
1433681411
75073029
1508754440
1583827469
-1202385387
381442082
-820943305
-439501223
-1260444528
-1699945751
1334577017
-365368734
969208283
603839549
1573047832
-2118079915
-545032083
1631855298
1086823215
-1576288783
-489465568
-2065754351
1739747377
-326006974
1413740403
1087733429
-1793493464
-705760035
1795713797
1089953762
-1409299737
-319345975
-1728645712
-2047991687
518329897
-1529661790
-1011331893
1753973613
742641720
-1798351963
-1055710243
1440905090
385194847
1826099937
-2083672512
-257572575
1953722209
1696149634
-645095453
1051054181
405958728
1457012909
1862971637
-974982750
887988887
-86993863
800995024
714001161
1514996185
-2065969950
-550973765
1678023581
1127049816
-1489893899
-362844083
-1852737982
2079385231
226647249
-1988934816
-1762287567
543744913
-1218542654
-674797741
-1893340395
1726829160
-166511235
1560317925
1393806690
-1340842681
52964009
-1287878672
-1234914663
1772173961
537259298
-1985534037
-1448274739
861158520
-587116219
274042301
-313073918
-39031617
-352105535
-391137152
-743242687
-1134379839
-1877622526
1282964931
-594657595
688307336
93649741
781957077
875606818
1657563895
-1761796583
-104232688
-1866029271
-1970261959
458676066
-1511585893
-1052909827
1730471576
677561749
-1886933971
-1209372222
1198661103
-10711119
1187949984
1177238865
-1929778447
-752539582
1612649267
860109685
-1822208344
-962098659
1510660293
548561634
2059221927
-1687183735
372038192
-1315145543
-943107351
2036714402
1093607051
-1164645843
-71038792
-1235684635
-1306723427
1752559234
445835807
-2096572255
-1650736448
547658593
-1103077855
-555419262
-1658497117
2081050917
422553800
-1791362579
-1368808779
1134795938
-234012841
900783097
666770256
1567553353
-2060643687
-493090334
1741233275
1248142941
-1305591080
-57448139
-1363039219
-1420487358
1511440719
90953361
1602394080
1693347441
-999225775
694121666
-305104109
389017557
83913448
472931005
556844453
1029775458
1586619911
-1678571927
-91952016
-1770523943
-1862475959
661967394
-1200508565
-538541171
-1739049736
2017376389
278326653
-1999264254
-1720937601
574765441
-1146172160
-571406719
-1717578879
2005981698
288402819
-2000582779
-1712179960
582204557
-1129975403
-547770846
-1677746249
2069450201
391703952
-1833813143
-1442109191
1019044962
-423064229
595980733
172916504
768897237
941813741
1710710978
-1642442577
68268401
-1574174176
-1505905775
1214887345
-291018430
923868915
632850485
1556719400
-2105397411
-548678011
1640891874
1092213863
-1561861559
-469647696
-2031509255
1793810345
-237698910
1556111435
1318412525
-1420443336
-102030811
-1522474147
-1624504958
1147988191
-476516767
671471424
194954657
866426081
1061380738
1927806819
-1305779739
622027080
-683752659
-61725579
-745478238
-807203817
-1552682055
1935081424
382399369
-1977486503
-1595087134
722393659
-872693475
-150299816
-1022993291
-1173293107
2098680898
925387791
-1270898607
-345510816
-1616409423
-1961920239
716637634
-1245282605
-528644971
-1773927576
1992394749
218467173
-2084105374
-1865638201
345223721
-1520414480
-1175190759
1599362057
424171298
2023533355
-1847262643
176270712
-1670991931
-1494721219
1129254146
-365467073
763787073
398320000
1162107073
1560427073
-1572433150
-12006077
-1584439227
-1596445304
1114082765
-482362539
631720226
149357687
781077913
930435600
1711513513
-1653018183
58495330
-1594522853
-1536027523
1164416920
-371610603
792806317
421195714
1214002031
1635197745
-1445767520
189430225
-1256337295
-1066907070
1971722931
904815861
-1418428504
-513612643
-1932041147
1849313506
-82727641
1766585865
1683858224
-844523207
839335017
-5188190
834146827
828958637
1663105464
-1802903195
-139797731
-1942700926
-2082498657
269767713
-1812730944
-1542963231
939273121
-603690110
335583011
-268107099
67475912
-200631187
-133155275
-333786462
-466941737
-800728199
-1267669936
-2068398135
958899225
-1109498910
-150599685
-1260098595
-1410698280
1624170421
213472141
1837642562
2051114703
-406210031
1644904672
1238694641
-1411367983
-172673342
-1584041325
-1756714667
954211304
-802503363
151707941
-650795422
-499087481
-1149882903
-1648970384
1496114009
-152856375
1343257634
1190401259
-1761308403
-570907144
1962751749
1391844605
-940370942
451473663
-488897279
-37423616
-526320895
-563744511
-1090065406
-1653809917
1551091973
-102717944
1448374029
1345656085
-1500937182
-155281097
-1656218279
-1811499376
827249641
-984249735
-157000094
-1141249829
-1298249923
1855467544
557217621
-1882282131
-1325064510
1087620655
-237443855
850176800
612732945
1462909745
2075642690
-756414861
1319227829
562812968
1882040797
-1850113531
31927266
-1818186265
-1786258999
690522032
-1095736967
-405214935
-1500951902
-1906166837
887848557
-1018318280
-130469723
-1148788003
-1279257726
1866921567
587663841
-1840381888
-1252718047
1201867361
-50850686
1151016675
1100165989
-2043784632
-943618643
1307564021
363945378
1671509399
2035454777
-588003120
1447451657
859448537
-1988067102
-1128618565
1178281629
49663064
1227944693
1277607757
-1789414846
-511807089
1993745361
1481938272
-819283663
662654609
-156629054
506025555
349396501
855422056
1204818557
2060240613
-1029908126
1030332487
424361
1030756848
1031181209
2061938057
-1201848030
860090027
-341758003
518332024
176574021
694906045
871480066
1566386111
-1857101119
-290715008
2147151169
1856436161
-291379966
1565056195
1273676229
-1456234872
-182558643
-1638793515
-1821352158
834821623
-986530535
-151708912
-1138239447
-1289948359
1866779490
576831131
-1851356675
-1274525544
1169085077
-105440467
1063644610
958204143
2021848753
-1314914400
706934353
-607980047
98954306
-509025741
-410071435
-919097176
-1329168611
2046701509
717532898
-1530732889
-813199991
1951034416
1137834425
-1206098455
-68264030
-1274362485
-1342626515
1677978296
335351781
2013330077
-1946285438
67044639
-1879240799
-1812196160
603530337
-1208665823
-605135486
-1813801309
1876030501
62229192
1938259693
2000488885
-356218718
1644270167
1288051449
-1362645680
-74594231
-1437239911
-1511834142
1345893243
-165940899
1179952344
1014011445
-2101003507
-1086992062
1106971727
19979665
1126951392
1146931057
-2021084847
-874153790
1399728659
525574869
1925303528
-1844088899
81214629
-1762874270
-1681659641
850433385
-831226256
19207129
-812019127
-792811998
-1604831125
1897324173
292493048
-2105150075
-1812657027
377160194
-1435496833
-1058336639
1801133824
742797185
-1751036287
-1008239102
1535691907
527452805
2063144712
-1704369779
358774933
-1345594846
-986819913
1962552537
975732624
-1356682135
-380949511
-1737631646
-2118581157
438754493
-1679826664
-1241072171
1374068461
132996290
1507064751
1640061041
-1147841504
492219537
-655621967
-163402430
-819024397
-982426827
-1801451224
1511089245
-290361979
1220727266
930365287
-2143874743
-1213509456
937583097
-275926359
661656738
385730379
1047387117
1433117496
-1814462683
-381345187
2099159426
1717814239
-477993631
1239820608
761826977
2001647585
-1531492734
470154851
-1061337883
-591183032
-1652520915
2051263349
398742434
-1844961513
-1446219079
1003786704
-442432375
561354329
118921954
680276283
799198237
1479474520
-2016294539
-536820019
1741852738
1205032719
-1348081839
-143049120
-1491130959
-1634180079
1169656258
-464523821
705132437
240608616
945741053
1186349669
2132090722
-976526905
1155563817
179036912
1334600729
1513637641
-1446728926
66908715
-1379820211
-1312911496
1602235589
289324093
1891559682
-2114083521
-222523839
1958359936
1735836097
-600771263
1135064834
534293571
1669358405
-2091315320
-421956915
1781695061
1359738146
-1153534089
206204057
-947330032
-741125975
-1688456007
1865385314
176929307
2042314621
-2075723368
-33408747
-2109132115
-2142540862
43294319
-2099246543
-2055952224
139768529
-1916183695
-1776415166
602368435
-1174046731
-571678296
-1745725027
1977563973
231838946
-2085564377
-1853725431
355677488
-1498047943
-1142370455
1654548898
512178443
-2128239955
-1616061512
550665829
-1065395683
-514729854
-1580125537
-2094855391
619986368
-1474869023
-854882655
1965215618
1110332963
-1219418715
-109085752
-1328504467
-1437590219
1528872610
91282391
1620155001
1711437392
-963374903
748062489
-215312414
532750075
317437661
850187736
1167625397
2017813133
-1109528766
908284367
-201244399
707039968
505795569
1212835537
1718631106
-1363500653
355130453
-1008370200
-653239747
-1661609947
1980117602
318507655
-1996342039
-1677834384
620790873
-1057043511
-436252638
-1493296149
-1929548787
872122360
-1057426427
-185304067
-1242730494
-1428034561
1624202241
196167680
1820369921
2016537601
-458059774
1558477827
1100418053
-1636071416
-535653363
2123242517
1587589154
-584135625
1003453529
419317904
1422771433
1842089337
-1030106526
811982811
-218123715
593859096
375735381
969594477
1345329858
-1980042961
-634713103
1680211232
1045498129
-1569257935
-523759806
-2093017741
1678189749
-414827992
1263361757
848533765
2111895522
-1334538009
777357513
-557180496
220177017
-337003479
-116826462
-453829941
-570656403
-1024486344
-1595142747
1675338205
80195458
1755533663
1835729121
-703704512
1132024609
428320097
1560344706
1988664803
-745957787
1242707016
496749229
1739456245
-2058761822
-319305577
1916899897
1597594320
-780473079
817121241
36648162
853769403
890417565
1744186968
-1660362763
83824205
-1576538558
-1492714353
1225714385
-266999968
958714417
691714449
1650428866
-1952823981
-302395115
2039748200
1737353085
-517866011
1219487074
701621063
1921108137
-1672238096
248870041
-1423368055
-1174498014
1697101227
522603213
-2075262856
-1552659643
667044797
-885614846
-218570049
-1104184895
-1322754944
1868027457
545272513
-1881667326
-1336394813
1076905157
-259489656
817415501
557925845
1375341346
1933267191
-986358759
946908432
-39450327
907458105
868007778
1775465883
-1651493635
123972248
-1527521387
-1403549139
1363896770
-39652369
1324244401
1284592032
-1686130863
-401538831
-2087669694
1805758771
-281910923
1523847848
1241936925
-1529182523
-287245598
-1816428121
-2103673719
374865456
-1728808263
-1353942807
1212216226
-141726581
1070489645
928763064
1999252709
-1366951523
632301186
-734650337
-102349151
-836999488
-939348639
-1776348127
1579270530
-197077597
1382192933
1185115336
-1727659027
-542543691
2024764578
1482220887
-787981831
694239056
-93742775
600496281
506753506
1107249787
1614003293
-1573714216
40289077
-1533425139
-1493136062
1268406095
-224729967
1043676128
818946161
1862622289
-1613398846
249223443
-1364175403
-1114951960
1815839933
700887973
-1778239390
-1077351417
1439376489
362025072
1801401561
-2131540663
-330139102
1833287531
1503148429
-958531336
544617093
-413914243
130702850
-283211393
-152508543
-435719936
-588228479
-1023948415
-1612176894
1658841987
46665093
1705507080
1752172173
-837288043
914884130
77596087
992480217
1070076304
2062556521
-1162334471
900222050
-262112421
638109629
375997208
1014106837
1390104045
-1890756414
-500652369
1903558513
1402906144
-988502639
414403505
-574099134
-159695629
-733794763
-893490392
-1627285155
1774191749
146906594
1921098343
2068004937
-305864016
1762140921
1456276905
-1076549470
379727435
-696822035
-317094600
-1013916635
-1331011235
1950039426
619028191
-1725899679
-1106871488
1462196129
355324641
1817520770
-2122121885
-304601115
1868244296
1563643181
-863079819
700563362
-162516457
538046905
375530448
913577353
1289107801
-2092282142
-803174341
1399510813
596336472
1995847285
-1702783539
293063746
-1409719793
-1116656047
1768591456
651935409
-1874440431
-1222505022
1198021843
-24483179
1173538664
1149055485
-1972373147
-823317662
1499276487
675958825
-2119731984
-1443773159
731462153
-712311006
19151147
-693159859
-674008712
-1367168571
-2041177283
886621442
-1154555841
-267934399
-1422490240
-1690424639
1182052417
-508372222
673680195
165307973
838988168
1004296141
1843284309
-1447386846
395897463
-1051489383
-655591920
-1707081303
1932294073
225212770
-2137460453
-1912247683
245259160
-1666988523
-1421729363
1206249410
-215479953
990769457
775289504
1766058961
-1753618831
12440130
-1741178701
-1728738571
825050024
-903688547
-78638523
-982327070
-1060965593
-2043292663
1190709040
-852583623
338125417
-514458206
-176332789
-690790995
-867123784
-1557914779
1869928733
312013954
-2113024609
-1801010655
380932032
-1420078623
-1039146591
1835742082
796595491
-1662629723
-866034232
1766303341
900269109
-1628394846
-728125737
1938446713
1210320976
-1146199607
64121369
-1082078238
-1017956869
-2100035107
1176975320
-923059787
253915533
-669144254
-415228721
-1084372975
-1499601696
1710992625
211390929
1922383554
2133774483
-238809259
1894965224
1656155965
-743846107
912309858
168463751
1080773609
1249237360
-1964956327
-715718967
1614292002
898573035
-1782102259
-883529224
1629335813
745806589
-1919824894
-1174018305
1201124097
27105792
1228229889
1255335681
-1811401726
-556066045
1927499525
1371433480
-996034291
375399189
-620635102
-245235913
-865871015
-1111106928
-1976977943
1206882425
-770095518
436786907
-333308611
103478296
-229830315
-126352019
-356182334
-482534353
-838716687
-1321251040
2134999569
813748529
-1346219198
-532470669
-1878689867
1883806760
5116893
1888923653
1894040546
-512003097
1382037449
870034352
-2042895495
-1172861143
1079210658
-93650485
985560173
891909688
1877469861
-1525587747
351882114
-1173705633
-821823519
-1995529152
1477614625
-517914527
959700098
441785571
1401485669
1843271240
-1050210387
793060853
-257149534
535911319
278761785
814673104
1093434889
1908107993
-1293424414
614683579
-678740835
-64057256
-742798091
-806855347
-1549653438
1938458511
388805073
-1967703712
-1578898639
748364945
-830533694
-82168749
-912702443
-994871192
-1907573635
1392522469
-515051166
