1
2
3
5
8
13
21
34
55
89
144
233
377
610
987
1597
2584
4181
6765
10946
17711
28657
46368
75025
121393
196418
317811
514229
832040
1346269
2178309
3524578
5702887
9227465
14930352
24157817
39088169
63245986
102334155
165580141
267914296
433494437
701408733
1134903170
1836311903
2971215073
4807526976
7778742049
12586269025
20365011074
32951280099
53316291173
86267571272
139583862445
225851433717
365435296162
591286729879
956722026041
1548008755920
2504730781961
4052739537881
6557470319842
10610209857723
17167680177565
27777890035288
44945570212853
72723460248141
117669030460994
190392490709135
308061521170129
498454011879264
806515533049393
1304969544928657
2111485077978050
3416454622906707
5527939700884757
8944394323791464
14472334024676221
23416728348467685
37889062373143906
61305790721611591
99194853094755497
160500643816367088
259695496911122585
420196140727489673
679891637638612258
1100087778366101931
1779979416004714189
2880067194370816120
4660046610375530309
7540113804746346429
-6246583658587674878
1293530146158671551
-4953053512429003327
-3659523366270331776
-8612576878699335103
6174643828739884737
-2437933049959450366
3736710778780434371
1298777728820984005
5035488507601418376
6334266236422402381
-7076989329685730859
-742723093263328478
-7819712422949059337
-8562435516212387815
2064596134548104464
-6497839381664283351
-4433243247116178887
7515661444929089378
3082418197812910491
-7848664430967551747
-4766246233154641256
5831833409587358613
1065587176432717357
6897420586020075970
7963007762452793327
-3586315725236682319
4376692037216111008
790376311979428689
5167068349195539697
5957444661174968386
-7322231063339043533
-1364786402164075147
-8687017465503118680
8394940206042357789
-292077259460760891
8102862946581596898
7810785687120836007
-2533095440007118711
5277690247113717296
2744594807106598585
8022285054220315881
-7679864212382637150
342420841837678731
-7337443370544958419
-6995022528707279688
4114278174457313509
-2880744354249966179
1233533820207347330
-1647210534042618849
-413676713835271519
-2060887247877890368
-2474563961713161887
-4535451209591052255
-7010015171304214142
6901277692814285219
-108737478489928923
6792540214324356296
6683802735834427373
-4970401123550767947
1713401612283659426
-3256999511267108521
-1543597898983449095
-4800597410250557616
-6344195309234006711
7301951354224987289
957756044990980578
8259707399215967867
9217463444206948445
-969573230286635304
8247890213920313141
7278316983633677837
-2920536876155560638
4357780107478117199
1437243231322556561
5795023338800673760
7232266570123230321
-5419454164785647535
1812812405337582786
-3606641759448064749
-1793829354110481963
-5400471113558546712
-7194300467669028675
5851972492481976229
-1342327975187052446
4509644517294923783
3167316542107871337
7676961059402795120
-7602466472198885159
74494587203909961
-7527971884994975198
-7453477297791065237
3465294890923511181
-3988182406867554056
-522887515944042875
-4511069922811596931
-5033957438755639806
8901716712142314879
3867759273386675073
-5677268088180561664
-1809508814793886591
-7486776902974448255
9150458355941216770
1663681452966768515
-7632604264801566331
-5968922811834797816
4845216997073187469
-1123705814761610347
3721511182311577122
2597805367549966775
6319316549861543897
8917121917411510672
-3210305606436497047
5706816310975013625
2496510704538516578
8203327015513530203
-7746906353657504835
456420661856025368
-7290485691801479467
-6834065029945454099
4322193351962618050
-2511871677982836049
1810321673979782001
-701550004003054048
1108771669976727953
407221665973673905
1515993335950401858
1923215001924075763
3439208337874477621
5362423339798553384
8801631677673031005
-4282689056237967227
4518942621435063778
236253565197096551
4755196186632160329
4991449751829256880
-8700098135248134407
-3708648383418877527
6037997555042539682
2329349171623662155
8367346726666201837
-7750048175419687624
617298551246514213
-7132749624173173411
-6515451072926659198
4798543376609719007
-1716907696316940191
3081635680292778816
1364727983975838625
4446363664268617441
5811091648244456066
-8189288761196478109
-2378197112952022043
7879258199561051464
5501061086609029421
-5066424787539470731
434636299069558690
-4631788488469912041
-4197152189400353351
-8828940677870265392
5420651206438932873
-3408289471431332519
2012361735007600354
-1395927736423732165
616433998583868189
-779493737839863976
-163059739255995787
-942553477095859763
-1105613216351855550
-2048166693447715313
-3153779909799570863
-5201946603247286176
-8355726513046857039
4889070957415408401
-3466655555631448638
1422415401783959763
-2044240153847488875
-621824752063529112
-2666064905911017987
-3287889657974547099
-5953954563885565086
9204899851849439431
3250945287963874345
-5990898933896237840
-2739953645932363495
-8730852579828601335
6975937847948586786
-1754914731880014549
5221023116068572237
3466108384188557688
8687131500257129925
-6293504189263864003
2393627310993265922
-3899876878270598081
-1506249567277332159
-5406126445547930240
-6912376012825262399
6128241615336358977
-784134397488903422
5344107217847455555
4559972820358552133
-8542664035503543928
-3982691215144991795
5921388823061015893
1938697607916024098
7860086430977039991
-8647960034816487527
-787873603839447536
9010910435053616553
8223036831214169017
-1212796807441766046
7010240023772402971
5797443216330636925
-5639060833606511720
158382382724125205
-5480678450882386515
-5322296068158261310
7643769554668903791
2321473486510642481
-8481501032530005344
-6160027546019362863
3805215495160183409
-2354812050859179454
1450403444301003955
-904408606558175499
545994837742828456
-358413768815347043
187581068927481413
-170832699887865630
16748369039615783
-154084330848249847
-137335961808634064
-291420292656883911
-428756254465517975
-720176547122401886
-1148932801587919861
-1869109348710321747
-3018042150298241608
-4887151499008563355
-7905193649306804963
5654398925394183298
-2250794723912621665
3403604201481561633
1152809477568939968
4556413679050501601
5709223156619441569
-8181107238039608446
-2471884081420166877
7793752754249776293
5321868672829609416
-5331122646630165907
-9253973800556491
-5340376620430722398
-5349630594231278889
7756736859047550329
2407106264816271440
-8282900949845729847
-5875794685029458407
4288048438834363362
-1587746246195095045
2700302192639268317
1112555946444173272
3812858139083441589
4925414085527614861
8738272224611056450
-4783057763570880305
3955214461040176145
-827843302530704160
3127371158509471985
2299527855978767825
5426899014488239810
7726426870467007635
-5293418188754304171
2433008681712703464
-2860409507041600707
-427400825328897243
-3287810332370497950
-3715211157699395193
-7003021490069893143
7728511425940263280
725489935870370137
8454001361810633417
9179491297681003554
-813251414217914645
8366239883463088909
7552988469245174264
-2527515721001288443
5025472748243885821
2497957027242597378
7523429775486483199
-8425357270980471039
-901927495493987840
9119459307235092737
8217531811741104897
-1109752954733353982
7107778857007750915
5998025902274396933
-5340939314427403768
657086587846993165
-4683852726580410603
-4026766138733417438
-8710618865313828041
5709359069662306137
-3001259795651521904
2708099274010784233
-293160521640737671
2414938752370046562
2121778230729308891
4536716983099355453
6658495213828664344
-7251531876781531819
-593036662952867475
-7844568539734399294
-8437605202687266769
2164570331287885553
-6273034871399381216
-4108464540111495663
8065244662198674737
3956780122087179074
-6424719289423697805
-2467939167336518731
-8892658456760216536
7086146449612816349
-1806512007147400187
5279634442465416162
3473122435318015975
8752756877783432137
-6220864760608103504
2531892117175328633
-3688972643432774871
-1157080526257446238
-4846053169690221109
-6003133695947667347
7597557208071663160
1594423512123995813
9191980720195658973
-7660339841389896830
1531640878805762143
-6128698962584134687
-4597058083778372544
7720987027347044385
3123928943568671841
-7601828102793835390
-4477899159225163549
6367016811690552677
1889117652465389128
8256134464155941805
-8301491957088220683
-45357492932278878
-8346849450020499561
-8392206942952778439
1707687680736273616
-6684519262216504823
-4976831581480231207
6785393230012815586
1808561648532584379
8593954878545399965
-8044227546631567272
549727331913832693
-7494500214717734579
-6944772882803901886
4007470976187915151
-2937301906615986735
1070169069571928416
-1867132837044058319
-796963767472129903
-2664096604516188222
-3461060371988318125
-6125156976504506347
8860526725216727144
2735369748712220797
-6850847599780603675
-4115477851068382878
7480418622860565063
3364940771792182185
-7601384679056804368
-4236443907264622183
6608915487388125065
2372471580123502882
8981387067511627947
-7092885426074420787
1888501641437207160
-5204383784637213627
-3315882143200006467
-8520265927837220094
6610596002672325055
-1909669925164895039
4700926077507430016
2791256152342534977
7492182229849964993
-8163305691517051646
-671123461667086653
-8834429153184138299
8941191458858326664
106762305674188365
9047953764532515029
9154716070206703394
-244074238970333193
8910641831236370201
8666567592266037008
-869534650207144407
7797032942058892601
6927498291851748194
-3722212839798910821
3205285452052837373
-516927387746073448
2688358064306763925
2171430676560690477
4859788740867454402
7031219417428144879
-6555735915413952335
475483502014192544
-6080252413399759791
-5604768911385567247
6761722748924224578
1156953837538657331
7918676586462881909
9075630424001539240
-1452437063245130467
7623193360756408773
6170756297511278306
-4652794415441864537
1517961882069413769
-3134832533372450768
-1616870651303036999
-4751703184675487767
-6368573835978524766
7326467053055539083
957893217077014317
8284360270132553400
-9204490586499983899
-920130316367430499
8322123170842137218
7401992854474706719
-2722628048392707679
4679364806081999040
1956736757689291361
6636101563771290401
8592838321460581762
-3217804188477679453
5375034132982902309
2157229944505222856
7532264077488125165
-8757250051716203595
-1224985974228078430
8464508047765269591
7239522073537191161
-2742713952407090864
4496808121130100297
1754094168723009433
6250902289853109730
8004996458576119163
-4190845325280322723
3814151133295796440
-376694191984526283
3437456941311270157
3060762749326743874
6498219690638014031
-8887761633744793711
-2389541943106779680
7169440496857978225
4779898553751198545
-6497405023100374846
-1717506469349176301
-8214911492449551147
8514326111910824168
299414619461273021
8813740731372097189
9113155350833370210
-519847991504084217
8593307359329285993
8073459367825201776
-1779977346555063847
6293482021270137929
4513504674715074082
-7639757377724339605
-3126252703009265523
7680733992975946488
4554481289966680965
-6211528790766924163
-1657047500800243198
-7868576291567167361
8921120281342141057
1052543989774973696
-8473079802592436863
-7420535812817463167
2553128458299651586
-4867407354517811581
-2314278896218159995
-7181686250735971576
8950778926755420045
1769092676019448469
-7726872470934683102
-5957779794915234633
4762091807859633881
-1195687987055600752
3566403820804033129
2370715833748432377
5937119654552465506
8307835488300897883
-4201788930856188227
4106046557444709656
-95742373411478571
4010304184033231085
3914561810621752514
7924865994654983599
-6607316268432815503
1317549726222168096
-5289766542210647407
-3972216815988479311
9184760715510424898
5212543899521945587
-4049439458677181131
1163104440844764456
-2886335017832416675
-1723230576987652219
-4609565594820068894
-6332796171807721113
7504382307081761609
1171586135274040496
8675968442355802105
-8599189496079709015
76778946276093090
-8522410549803615925
-8445631603527522835
1478701920378412856
-6966929683149109979
-5488227762770697123
5991586627789744514
503358865019047391
6494945492808791905
6998304357827839296
-4953494223072920415
2044810134754918881
-2908684088318001534
-863873953563082653
-3772558041881084187
-4636431995444166840
-8408990037325251027
5401322040940133749
-3007667996385117278
2393654044555016471
-614013951830100807
1779640092724915664
1165626140894814857
2945266233619730521
4110892374514545378
7056158608134275899
-7279693091060730339
-223534482926454440
-7503227573987184779
-7726762056913639219
3216754442808727618
-4510007614104911601
-1293253171296183983
-5803260785401095584
-7096513956697279567
5546969331611176465
-1549544625086103102
3997424706525073363
2447880081438970261
6445304787964043624
8893184869403013885
-3108254416342494107
5784930453060519778
2676676036718025671
8461606489778545449
-7308461547212980496
1153144942565564953
-6155316604647415543
-5002171662081850590
7289255806980285483
2287084144898434893
-8870404121830831240
-6583319976932396347
2993019974946324029
-3590300001986072318
-597280027039748289
-4187580029025820607
-4784860056065568896
-8972440085091389503
4689443932552593217
-4282996152538796286
406447780013796931
-3876548372524999355
-3470100592511202424
-7346648965036201779
7629994516162147413
283345551125945634
7913340067288093047
8196685618414038681
-2336718388007419888
5859967230406618793
3523248842399198905
-9063528000903733918
-5540279158504535013
3842936914301282685
-1697342244203252328
2145594670098030357
448252425894778029
2593847095992808386
3042099521887586415
5635946617880394801
8678046139767981216
-4132751316061175599
4545294823706805617
412543507645630018
4957838331352435635
5370381838998065653
-8118523903359050328
-2748142064360984675
7580078105989516613
4831936041628531938
-6034729926091503065
-1202793884462971127
-7237523810554474192
-8440317695017445319
2768902568137632105
-5671415126879813214
-2902512558742181109
-8573927685621994323
6970303829345376184
-1603623856276618139
5366679973068758045
3763056116792139906
9129736089860897951
-5553951867056513759
3575784222804384192
-1978167644252129567
1597616578552254625
-380551065699874942
1217065512852379683
836514447152504741
2053579960004884424
2890094407157389165
4943674367162273589
7833768774319662754
-5669300932227615273
2164467842092047481
-3504833090135567792
-1340365248043520311
-4845198338179088103
-6185563586222608414
7415982149307855099
1230418563085246685
8646400712393101784
-8569924798231203147
76475914161898637
-8493448884069304510
-8416972969907405873
1536322219732841233
-6880650750174564640
-5344328530441723407
6221764793093263569
877436262651540162
7099201055744803731
7976637318396343893
-3370905699568403992
4605731618827939901
1234825919259535909
5840557538087475810
7075383457347011719
-5530803078275064087
1544580379071947632
-3986222699203116455
-2441642320131168823
-6427865019334285278
-8869507339465454101
3149371714909812237
-5720135624555641864
-2570763909645829627
-8290899534201471491
7585080629862250498
-705818904339220993
6879261725523029505
6173442821183808512
-5394039527002713599
779403294181094913
-4614636232821618686
-3835232938640523773
-8449869171462142459
6161641963606885384
-2288227207855257075
3873414755751628309
1585187547896371234
5458602303647999543
7043789851544370777
-5944351918517181296
1099437933027189481
-4844913985489991815
-3745476052462802334
-8590390037952794149
6110877983293955133
-2479512054658839016
3631365928635116117
1151853873976277101
4783219802611393218
5935073676587670319
-7728450594510488079
-1793376917922817760
8924916561276245777
7131539643353428017
-2390287869079877822
4741251774273550195
2350963905193672373
7092215679467222568
-9003564489048656675
-1911348809581434107
7531830775079460834
5620481965498026727
-5294431333132064055
326050632365962672
-4968380700766101383
-4642330068400138711
8836033304543311522
4193703236143172811
-5417007533023067283
-1223304296879894472
-6640311829902961755
-7863616126782856227
3942816117023733634
-3920800009759122593
22016107264611041
-3898783902494511552
-3876767795229900511
-7775551697724412063
6794424580755239042
-981127116969173021
5813297463786066021
4832170346816893000
-7801276263106592595
-2969105916289699595
7676361894313259426
4707255978023559831
-6063126201372732359
-1355870223349172528
-7418996424721904887
-8774866648071077415
2252881000916569314
-6521985647154508101
-4269104646237938787
7655653780317104728
3386549134079165941
-7404541159313280947
-4017992025234115006
7024210889162155663
3006218863928040657
-8416314320619355296
-5410095456691314639
4620334296398881681
-789761160292432958
3830573136106448723
3040811975814015765
6871385111920464488
-8534546985975071363
-1663161874054606875
8249035213679873378
6585873339625266503
-3611835520404411735
2974037819220854768
-637797701183556967
2336240118037297801
1698442416853740834
4034682534891038635
5733124951744779469
-8678936587073733512
-2945811635328954043
6821995851306864061
3876184215977910018
-7748564006424777537
-3872379790446867519
6825800276837906560
2953420486391039041
-8667523310480606015
-5714102824089566974
4065117939139378627
-1648984884950188347
2416133054189190280
767148169239001933
3183281223428192213
3950429392667194146
7133710616095386359
-7362604064946971111
-228893448851584752
-7591497513798555863
-7820390962650140615
3034855597260855138
-4785535365389285477
-1750679768128430339
-6536215133517715816
-8286894901646146155
3623634038545689645
-4663260863100456510
-1039626824554766865
-5702887687655223375
-6742514512209990240
6001341873844338001
-741172638365652239
5260169235478685762
4518996597113033523
-8667578241117832331
-4148581644004798808
5630584188586920477
1482002544582121669
7112586733169042146
8594589277751163815
-2739568062789345655
5855021214961818160
3115453152172472505
8970474367134290665
-6360816554402788446
2609657812731502219
-3751158741671286227
-1141500928939784008
-4892659670611070235
-6034160599550854243
7519923803547627138
1485763203996772895
9005687007544400033
-7955293862168378688
1050393145376021345
-6904900716792357343
-5854507571416335998
5687335785500858275
-167171785915477723
5520163999585380552
5352992213669902829
-7573587860454268235
-2220595646784365406
8652560566470917975
6431964919686552569
-3362218587552081072
3069746332134471497
-292472255417609575
2777274076716861922
2484801821299252347
5262075898016114269
7746877719315366616
-5437790456378070731
2309087262937295885
-3128703193440774846
-819615930503478961
-3948319123944253807
-4767935054447732768
-8716254178391986575
4962554840869832273
-3753699337522154302
1208855503347677971
-2544843834174476331
-1335988330826798360
-3880832165001274691
-5216820495828073051
-9097652660829347742
4132270917052130823
-4965381743777216919
-833110826725086096
-5798492570502303015
-6631603397227389111
6016648105979859490
-614955291247529621
5401692814732329869
4786737523484800248
-8258313735492421499
-3471576212007621251
6716854126209508866
3245277914201887615
-8484612033298155135
-5239334119096267520
4722797921315128961
-516536197781138559
4206261723533990402
3689725525752851843
7895987249286842245
-6861031298669857528
1034955950616984717
-5826075348052872811
-4791119397435888094
7829549328220790711
3038429930784902617
-7578764814703858288
-4540334883918955671
6327644375086737657
1787309491167781986
8114953866254519643
-8544480716287249987
-429526850032730344
-8974007566319980331
9043209657356840941
69202091036860610
9112411748393701551
9181613839430562161
-152718485885287904
9028895353545274257
8876176867659986353
-541671852504291006
8334505015155695347
7792833162651404341
-2319405895902451928
5473427266748952413
3154021370846500485
8627448637595452898
-6665274065267598233
1962174572327854665
-4703099492939743568
-2740924920611888903
-7444024413551632471
8261794739546030242
817770325994397771
9079565065540428013
-8549408682174725832
530156383365702181
-8019252298809023651
-7489095915443321470
2938395859457206495
-4550700055986114975
-1612304196528908480
-6163004252515023455
-7775308449043931935
4508431372150596226
-3266877076893335709
1241554295257260517
-2025322781636075192
-783768486378814675
-2809091268014889867
-3592859754393704542
-6401951022408594409
8451933296907252665
2049982274498658256
-7944828502303640695
-5894846227804982439
4607069343600928482
-1287776884204053957
3319292459396874525
2031515575192820568
5350808034589695093
7382323609782515661
-5713612429337340862
1668711180445174799
-4044901248892166063
-2376190068446991264
-6421091317339157327
-8797281385786148591
3228371370584245698
-5568910015201902893
-2340538644617657195
-7909448659819560088
8196756769272334333
287308109452774245
8484064878725108578
8771372988177882823
-1191306206806560215
7580066781371322608
6388760574564762393
-4477916717773466615
1910843856791295778
-2567072860982170837
-656229004190875059
-3223301865173045896
-3879530869363920955
-7102832734536966851
7464380469808663810
361547735271696959
7825928205080360769
8187475940352057728
-2433339928277133119
5754136012074924609
3320796083797791490
9074932095872716099
-6051015894039044027
3023916201833672072
-3027099692205371955
-3183490371699883
-3030283182577071838
-3033466672948771721
-6063749855525843559
-9097216528474615280
3285777689709092777
-5811438838765522503
-2525661149056429726
-8337099987821952229
7583982936831169661
-753117050990782568
6830865885840387093
6077748834849604525
-5538129353019559998
539619481830044527
-4998509871189515471
-4458890389359470944
8989343813160565201
4530453423801094257
-4926946836747892158
-396493412946797901
-5323440249694690059
-5719933662641487960
7403370161373373597
1683436498731885637
9086806660105259234
-7676500914872406745
1410305745232852489
-6266195169639554256
-4855889424406701767
7324659479663295593
2468770055256593826
-8653314538789662197
-6184544483533068371
3608885051386821048
-2575659432146247323
1033225619240573725
-1542433812905673598
-509208193665099873
-2051642006570773471
-2560850200235873344
-4612492206806646815
-7173342407042520159
6660909459860384642
-512432947182135517
6148476512678249125
5636043565496113608
-6662223995535188883
-1026180430039075275
-7688404425574264158
-8714584855613339433
2043754792521948025
-6670830063091391408
-4627075270569443383
7148838740048716825
2521763469479273442
-8776141864181561349
-6254378394702287907
3416223814825702360
-2838154579876585547
578069234949116813
-2260085344927468734
-1682016109978351921
-3942101454905820655
-5624117564884172576
8880525053919558385
3256407489035385809
-6309811530754607422
-3053404041719221613
9083528501235722581
6030124459516500968
-3333091112957328067
2697033346559172901
-636057766398155166
2060975580161017735
1424917813762862569
3485893393923880304
4910811207686742873
8396704601610623177
-5139228264412185566
3257476337198437611
-1881751927213747955
1375724409984689656
-506027517229058299
869696892755631357
363669375526573058
1233366268282204415
1597035643808777473
2830401912090981888
4427437555899759361
7257839467990741249
-6761467049819051006
496372418171690243
-6265094631647360763
-5768722213475670520
6412927228586520333
644205015110849813
7057132243697370146
7701337258808219959
-3688274571203961511
4013062687604258448
324788116400296937
4337850804004555385
4662638920404852322
9000489724409407707
-4783615428895291587
4216874295514116120
-566741133381175467
3650133162132940653
3083392028751765186
6733525190884705839
-8629826854073080591
-1896301663188374752
7920615556448096273
6024313893259721521
-4501814624001733822
1522499269257987699
-2979315354743746123
-1456816085485758424
-4436131440229504547
-5892947525715262971
8117665107764784098
2224717582049521127
-8104361383895246391
-5879643801845725264
4462738887968579961
-1416904913877145303
3045833974091434658
1628929060214289355
4674763034305724013
6303692094520013368
-7468288944883814235
-1164596850363800867
-8632885795247615102
8649261428098135647
16375632850520545
8665637060948656192
8682012693799176737
-1099094318961718687
7582918374837458050
6483824055875739363
-4380001642996354203
2103822412879385160
-2276179230116969043
-172356817237583883
-2448536047354552926
-2620892864592136809
-5069428911946689735
-7690321776538826544
5686993385224035337
-2003328391314791207
3683664993909244130
1680336602594452923
5364001596503697053
7044338199098149976
-6038404278107704587
1005933920990445389
-5032470357117259198
-4026536436126813809
-9059006793244073007
5361200844338664800
-3697805948905408207
1663394895433256593
-2034411053472151614
-371016158038895021
-2405427211511046635
-2776443369549941656
-5181870581060988291
-7958313950610929947
5306559542037633378
-2651754408573296569
2654805133464336809
3050724891040240
2657855858355377049
2660906583246417289
5318762441601794338
7979669024848211627
-5148312607259545651
2831356417588665976
-2316956189670879675
514400227917786301
-1802555961753093374
-1288155733835307073
-3090711695588400447
-4378867429423707520
-7469579125012107967
6598297519273736129
-871281605738371838
5727015913535364291
4855734307796992453
-7863993852377194872
-3008259544580202419
7574490676752154325
4566231132171951906
-6306022264785445385
-1739791132613493479
-8045813397398938864
8661139543697119273
615326146298180409
-9170278383714251934
-8554952237416071525
721513452579228157
-7833438784836843368
-7111925332257615211
3501379956615093037
-3610545375642522174
-109165419027429137
-3719710794669951311
-3828876213697380448
-7548587008367331759
7069280851644839409
-479306156722492350
6589974694922347059
6110668538199854709
-5746100840587349848
364567697612504861
-5381533142974844987
-5016965445362340126
8048245485372366503
3031280040010026377
-7367218548327158736
-4335938508317132359
6743587017065260521
2407648508748128162
9151235525813388683
-6887860039148034771
2263375486665353912
-4624484552482680859
-2361109065817326947
-6985593618300007806
9100041389592216863
2114447771292209057
-7232254912825125696
-5117807141532916639
6096682019351509281
978874877818592642
7075556897170101923
8054431774988694565
-3316755401550755128
4737676373437939437
1420920971887184309
6158597345325123746
7579518317212308055
-4708628411172119815
2870889906040188240
-1837738505131931575
1033151400908256665
-804587104223674910
228564296684581755
-576022807539093155
-347458510854511400
-923481318393604555
-1270939829248115955
-2194421147641720510
-3465360976889836465
-5659782124531556975
-9125143101421393440
3661818847756601201
-5463324253664792239
-1801505405908191038
-7264829659572983277
-9066335065481174315
2115579348655394024
-6950755716825780291
-4835176368170386267
6660811988713385058
1825635620542998791
8486447609256383849
-8134660843910168976
351786765346214873
-7782874078563954103
-7431087313217739230
3232782681927858283
-4198304631289880947
-965521949362022664
-5163826580651903611
-6129348530013926275
7153568963043721730
1024220433029795455
8177789396073517185
9202009829103312640
-1066944848532721791
8135064980570590849
7068120132037869058
-3243558961101091709
3824561170936777349
581002209835685640
4405563380772462989
4986565590608148629
-9054615102328939998
-4068049511720791369
5324079459659820249
1256029947939028880
6580109407598849129
7836139355537878009
-4030495310572824478
3805644044965053531
-224851265607770947
3580792779357282584
3355941513749511637
6936734293106794221
-8154068266853245758
-1217333973746451537
9075341833109854321
7858007859363402784
-1513394381236294511
6344613478127108273
4831219096890813762
-7270911498691629581
-2439692401800815819
8736140173217106216
6296447771416290397
-3414156129076155003
2882291642340135394
-531864486736019609
2350427155604115785
1818562668868096176
4168989824472211961
5987552493340308137
-8290201755897031518
-2302649262556723381
7853893055255796717
5551243792699073336
-5041607225754681563
509636566944391773
-4531970658810289790
-4022334091865898017
-8554304750676187807
5870105231167465792
-2684199519508722015
3185905711658743777
501706192150021762
3687611903808765539
4189318095958787301
7876929999767552840
-6380495977983211475
1496434021784341365
-4884061956198870110
-3387627934414528745
-8271689890613398855
6787426248681624016
-1484263641931774839
5303162606749849177
3818898964818074338
9122061571567923515
-5505783537323553763
3616278034244369752
-1889505503079184011
1726772531165185741
-162732971913998270
1564039559251187471
1401306587337189201
2965346146588376672
4366652733925565873
7331998880513942545
-6748092459270043198
583906421243899347
-6164186038026143851
-5580279616782244504
6702278418901163261
1121998802118918757
7824277221020082018
8946276023139000775
-1676190829550468823
7270085193588531952
5593894364038063129
-5582764516082956535
11129847955106594
-5571634668127849941
-5560504820172743347
7314604585408958328
1754099765236214981
9068704350645173309
-7623939957828163326
1444764392817009983
-6179175565011153343
-4734411172194143360
7533157336504254913
2798746164310111553
-8114840572895185150
-5316094408585073597
5015809092229292869
-300285316355780728
4715523775873512141
4415238459517731413
9130762235391243554
-4900743378800576649
4230018856590666905
-670724522209909744
3559294334380757161
2888569812170847417
6447864146551604578
-9110310114987099621
-2662445968435495043
6673987990286956952
4011542021851461909
-7761214061571132755
-3749672039719670846
6935857972418748015
3186185932699077169
-8324700168591726432
-5138514235892649263
4983529669225175921
-154984566667473342
4828545102557702579
4673560535890229237
-8944638435261619800
-4271077899371390563
5231027739076541253
959949839705150690
6190977578781691943
7150927418486842633
-5104839076441017040
2046088342045825593
-3058750734395191447
-1012662392349365854
-4071413126744557301
-5084075519093923155
-9155488645838480456
4207179908777148005
-4948308737061332451
-741128828284184446
-5689437565345516897
-6430566393629701343
6326740114734333376
-103826278895367967
6222913835838965409
6119087556943597442
-6104742680926988765
14344876016608677
-6090397804910380088
-6076052928893771411
6280293339905400117
204240411011628706
6484533750917028823
6688774161928657529
-5273436160863865264
1415338001064792265
-3858098159799072999
-2442760158734280734
-6300858318533353733
-8743618477267634467
3402267277908563416
-5341351199359071051
-1939083921450507635
-7280435120809578686
-9219519042260086321
1946789910639886609
-7272729131620199712
-5325939220980313103
5848075721109038801
522136500128725698
6370212221237764499
6892348721366490197
-5184183131105296920
1708165590261193277
-3476017540844103643
-1767851950582910366
-5243869491427014009
-7011721442009924375
6191153140272613232
-820568301737311143
5370584838535302089
4550016536797990946
-8526142698376258581
-3976126161578267635
5944475213755025400
1968349052176757765
7912824265931783165
-8565570755601010686
-652746489669227521
-9218317245270238207
8575680338770085888
-642636906500152319
7933043432269933569
7290406525769781250
-3223294115669836797
4067112410099944453
843818294430107656
4910930704530052109
5754748998960159765
-7781064370219339742
-2026315371259179977
8639364332231031897
6613048960971851920
-3194330780506667799
3418718180465184121
224387399958516322
3643105580423700443
3867492980382216765
7510598560805917208
-7068652532521417643
441946028284499565
-6626706504236918078
-6184760475952418513
5635277093520215025
-549483382432203488
5085793711088011537
4536310328655808049
-8824640033965732030
-4288329705309923981
5333774334433895605
1045444629123971624
6379218963557867229
7424663592681838853
-4642861517469845534
2781802075211993319
-1861059442257852215
920742632954141104
-940316809303711111
-19574176349570007
-959890985653281118
-979465162002851125
-1939356147656132243
-2918821309658983368
-4858177457315115611
-7776998766974098979
5811567849420337026
-1965430917553761953
3846136931866575073
1880706014312813120
5726842946179388193
7607548960492201313
-5112352167037962110
2495196793454239203
-2617155373583722907
-121958580129483704
-2739113953713206611
-2861072533842690315
-5600186487555896926
-8461259021398587241
4385298564755067449
-4075960456643519792
309338108111547657
-3766622348531972135
-3457284240420424478
-7223906588952396613
7765553244336730525
541646655384333912
8307199899721064437
8848846555105398349
-1290697618883088830
7558148936222309519
6267451317339220689
-4621143820148021408
1646307497191199281
-2974836322956822127
-1328528825765622846
-4303365148722444973
-5631893974488067819
8511484950499038824
2879590976010971005
-7055668147199541787
-4176077171188570782
7214998755321439047
3038921584132868265
-8192823734255244304
-5153902150122376039
5100018189331931273
-53883960790444766
5046134228541486507
4992250267751041741
-8408359577417023368
-3416109309665981627
6622275186626546621
3206165876960564994
-8618303010122440001
-5412137133161875007
4416303930425236608
-995833202736638399
3420470727688598209
2424637524951959810
5845108252640558019
8269745777592517829
-4331890043476475768
3937855734116042061
-394034309360433707
3543821424755608354
3149787115395174647
6693608540150783001
-8603348418163593968
-1909739878012810967
7933655777533146681
6023915899520335714
-4489172396656069221
1534743502864266493
-2954428893791802728
-1419685390927536235
-4374114284719338963
-5793799675646875198
8278830113343337455
2485030437696462257
-7682883522669751904
-5197853084973289647
5566007466066510065
368154381093220418
5934161847159730483
6302316228252950901
-6210265998296870232
92050229956080669
-6118215768340789563
-6026165538384708894
6302362766984053159
276197228599344265
6578559995583397424
6854757224182741689
-5013426853943412503
1841330370239329186
-3172096483704083317
-1330766113464754131
-4502862597168837448
-5833628710633591579
8110252765907122589
2276624055273531010
-8059867252528898017
-5783243197255367007
4603633623925286592
-1179609573330080415
3424024050595206177
2244414477265125762
5668438527860331939
7912853005125457701
-4865452540723761976
3047400464401695725
-1818052076322066251
1229348388079629474
-588703688242436777
640644699837192697
51941011594755920
692585711431948617
744526723026704537
1437112434458653154
2181639157485357691
3618751591944010845
5800390749429368536
-9027601732336172235
-3227210982906803699
6191931358466575682
2964720375559771983
9156651734026347665
-6325371964123431968
2831279769902915697
-3494092194220516271
-662812424317600574
-4156904618538116845
-4819717042855717419
-8976621661393834264
4650405369459999933
-4326216291933834331
324189077526165602
-4002027214407668729
-3677838136881503127
-7679865351289171856
7089040585538876633
-590824765750295223
6498215819788581410
5907391054038286187
-6041137199882684019
-133746145844397832
-6174883345727081851
-6308629491571479683
5963231236410990082
-345398255160489601
5617832981250500481
5272434726090010880
-7556476366369040255
-2284041640279029375
8606226067061481986
6322184426782452611
-3518333579865617019
2803850846916835592
-714482732948781427
2089368113968054165
1374885381019272738
3464253494987326903
4839138876006599641
8303392370993926544
-5304212826709025431
2999179544284901113
-2305033282424124318
694146261860776795
-1610887020563347523
-916740758702570728
-2527627779265918251
-3444368537968488979
-5971996317234407230
9030379218506655407
3058382901272248177
-6357981953930648032
-3299599052658399855
8789163067120503729
5489564014462103874
-4168016992126944013
1321547022335159861
-2846469969791784152
-1524922947456624291
-4371392917248408443
-5896315864705032734
8179035291756110439
2282719427051077705
-7984989354902363472
-5702269927851285767
4759484790955902377
-942785136895383390
3816699654060518987
2873914517165135597
6690614171225654584
-8882215385318761435
-2191601214093106851
7372927474297683330
5181326260204576479
-5892490339207291807
-711164079002715328
-6603654418210007135
-7314818497212722463
4528271158286822018
-2786547338925900445
1741723819360921573
-1044823519564978872
696900299795942701
-347923219769036171
348977080026906530
1053860257870359
350030940284776889
351084800542647248
701115740827424137
1052200541370071385
1753316282197495522
2805516823567566907
4558833105765062429
7364349929332629336
-6523561038611859851
840788890720769485
-5682772147891090366
-4841983257170320881
7921988668648140369
3080005411477819488
-7444749993583591759
-4364744582105772271
6637249498020187586
2272504915914415315
8909754413934602901
-7264484743860533400
1645269670074069501
-5619215073786463899
-3973945403712394398
8853583596210693319
4879638192498298921
-4713522285000559376
166115907497739545
-4547406377502819831
-4381290470005080286
-8928696847507900117
5136756756196571213
-3791940091311328904
1344816664885242309
-2447123426426086595
-1102306761540844286
-3549430187966930881
-4651736949507775167
-8201167137474706048
5593839986727070401
-2607327150747635647
2986512835979434754
379185685231799107
3365698521211233861
3744884206443032968
7110582727654266829
-7591277139612251819
-480694411957984990
-8071971551570236809
-8552665963528221799
1822106558611093008
-6730559404917128791
-4908452846306035783
6807731822486387042
1899278976180351259
8707010798666738301
-7840454298862462056
866556499804276245
-6973897799058185811
-6107341299253909566
5365504975397456239
-741836323856453327
4623668651541002912
3881832327684549585
8505500979225552497
-6059410766799449534
2446090212426102963
-3613320554373346571
-1167230341947243608
-4780550896320590179
-5947781238267833787
7718411939121127650
1770630700853293863
-8957701433735130103
-7187070732881836240
2301971907092585273
-4885098825789250967
-2583126918696665694
-7468225744485916661
8395391410526969261
927165666041052600
-9124186997141529755
-8197021331100477155
1125535745467544706
-7071485585632932449
-5945949840165387743
5429308647911231424
-516641192254156319
4912667455657075105
4396026263402918786
-9138050354649557725
-4742024091246638939
4566669627813354952
-175354463433283987
4391315164380070965
4215960700946786978
8607275865326857943
-5623507507435906695
2983768357890951248
-2639739149544955447
344029208345995801
-2295709941198959646
-1951680732852963845
-4247390674051923491
-6199071406904887336
8000281992752740789
1801210585847853453
-8645251495108957374
-6844040909261103921
2957451669339490321
-3886589239921613600
-929137570582123279
-4815726810503736879
-5744864381085860158
7886152882119954579
2141288501034094421
-8419302690555502616
-6278014189521408195
3749427193632640805
-2528586995888767390
1220840197743873415
-1307746798144893975
-86906600401020560
-1394653398545914535
-1481559998946935095
-2876213397492849630
-4357773396439784725
-7233986793932634355
6854983883337132536
-379002910595501819
6475980972741630717
6096978062146128898
-5873785038821792001
223193023324336897
-5650592015497455104
-5427398992173118207
7368753066038978305
1941354073865860098
-9136636933804713213
-7195282859938853115
2114824279965985288
-5080458579972867827
-2965634300006882539
-8046092879979750366
7435016893722918711
-611075986256831655
6823940907466087056
6212864921209255401
-5409938245034209159
802926676175046242
-4607011568859162917
-3804084892684116675
-8411096461543279592
6231562719482155349
-2179533742061124243
4052028977421031106
1872495235359906863
5924524212780937969
7797019448140844832
-4725200412787768815
3071819035353076017
-1653381377434692798
1418437657918383219
-234943719516309579
1183493938402073640
948550218885764061
2132044157287837701
3080594376173601762
5212638533461439463
8293232909635041225
-4940872630613070928
3352360279021970297
-1588512351591100631
1763847927430869666
175335575839769035
1939183503270638701
2114519079110407736
4053702582381046437
6168221661491454173
-8224819829837051006
-2056598168345596833
8165326075526903777
6108727907181306944
-4172690091001340895
1936037816179966049
-2236652274821374846
-300614458641408797
-2537266733462783643
-2837881192104192440
-5375147925566976083
-8213029117671168523
4858567030471407010
-3354462087199761513
1504104943271645497
-1850357143928116016
-346252200656470519
-2196609344584586535
-2542861545241057054
-4739470889825643589
-7282332435066700643
6424940748817207384
-857391686249493259
5567549062567714125
4710157376318220866
-8169037634823616625
-3458880258505395759
6818826180380539232
3359945921875143473
-8267971971453868911
-4908026049578725438
5270746052676957267
362720003098231829
5633466055775189096
5996186058873420925
-6817091959060941595
-820905900187520670
